nonequalpath id:0
0	0.5071  0.1755  1.0	0.0  0.017111437272303957
 1	0.5  0.181  0.931	0.4703729931040409  0.08794877223094102
 2	0.4857  0.1833  0.8627	0.9231692025293033  0.26054804755493594
 3	0.4593  0.1833  0.7979	1.3500431650131743  0.4033333651321042
 4	0.4429  0.1833  0.7299	1.7983813076373756  0.4156186896718143
 5	0.4285  0.175  0.663	2.2517336764635036  0.2995551654061933
 6	0.4304  0.1457  0.6143	2.7420208262299175  0.32807132990467747
 7	0.4571  0.1119  0.5857	3.253290683461547  0.41302812502093383
 8	0.4758  0.0763  0.5572	3.7574037358321695  0.28525933849131735
 9	0.5  0.0409  0.5322	4.264081346292664  0.13768403143795538
 10	0.5191  0.003  0.5143	4.763268224651001  0.07458633070927444
 11	0.5429  -0.0333  0.4933	5.266048345676387  0.1183376043319741
 12	0.5714  -0.0681  0.4703	5.774574997560668  0.2360682188572029
 13	0.6  -0.1017  0.4429	6.286363665746503  0.3077731464358756
 14	0.6193  -0.1333  0.4031	6.797807760922845  0.24355501402331026
 15	0.6143  -0.15  0.3395	7.273635551344896  0.2870304225827261
 16	0.6  -0.1517  0.2711	7.7267322155315235  0.4284176931654438
 17	0.5857  -0.1557  0.203	8.179862948284422  0.42387610288042804
 18	0.5704  -0.1583  0.1348	8.63139792778431  0.25956287435444964
 19	0.5429  -0.1613  0.0708	9.05545566464374  0.08136355347907484
 20	0.5071  -0.1733  0.0143	9.47073429347797  0.008901168223802595
 nonequalpath id:1
0	0.0143  0.6713  1.0	0.0  0.015375508909422903
 1	-0.0001  0.675  0.9325	0.4486231343351944  0.07201509393090404
 2	-0.023  0.675  0.8672	0.8774294778085006  0.22481913506622625
 3	-0.0428  0.675  0.8008	1.3135742117397946  0.3657492327790467
 4	-0.0611  0.6759  0.734	1.7529874671521377  0.3872192874623034
 5	-0.0857  0.6833  0.6705	2.1799247286217973  0.28971851558438905
 6	-0.0737  0.7083  0.6174	2.6826349956852678  0.308426302995436
 7	-0.0571  0.7429  0.5857	3.1822519167881205  0.30702016662532383
 8	-0.0428  0.7788  0.5571	3.678771939400117  0.20770180758745863
 9	-0.047  0.8117  0.5172	4.155351258272212  0.1304179093563446
 10	-0.0963  0.8333  0.4857	4.582642348504984  0.1667971242090494
 11	-0.1587  0.8417  0.4592	5.006167521320386  0.25371575357998755
 12	-0.2258  0.8445  0.4428	5.449328908879741  0.3288263229365982
 13	-0.2933  0.8482  0.4286	5.897745050338352  0.3083556801603184
 14	-0.3556  0.85  0.3985	6.312430459963689  0.2155918063480966
 15	-0.3849  0.85  0.3357	6.729058313076375  0.29689487527129504
 16	-0.4  0.8481  0.2681	7.176186747070796  0.43298294283435806
 17	-0.4143  0.8442  0.2007	7.624460382561654  0.42102150957037476
 18	-0.4295  0.8417  0.1333	8.07058211178918  0.25613520293222236
 19	-0.4571  0.8387  0.0699	8.49096259546682  0.07990486273740566
 20	-0.4929  0.8267  0.0143	8.901576805924487  0.008901168223802595
 nonequalpath id:2
0	0.5071  0.6891  0.5071	0.0  0.006537059034858485
 1	0.5  0.7089  0.5171	0.2560034639860232  0.05311819751613435
 2	0.4857  0.727  0.5286	0.5173230223675516  0.13406011012812388
 3	0.4714  0.7445  0.5429	0.7818922594911571  0.23624370751998702
 4	0.4572  0.7619  0.5571	1.0448229236939743  0.3277323725410928
 5	0.4429  0.7793  0.5714	1.308447988604609  0.37894838156004185
 6	0.4286  0.7968  0.5857	1.573017225728213  0.3727656155964244
 7	0.4143  0.8142  0.6	1.8366422906388487  0.31655327351907175
 8	0.4002  0.8317  0.6143	2.1005212578701147  0.24553985767290387
 9	0.4  0.8447  0.6427	2.3521226199180796  0.26004073581777254
 10	0.406  0.85  0.6771	2.5895638662222136  0.3341661753453813
 11	0.4143  0.85  0.7122	2.821094421820432  0.4150732733131677
 12	0.4262  0.85  0.7463	3.045010345686561  0.46613454999135095
 13	0.4286  0.8482  0.7821	3.289838561616486  0.44092053057720093
 14	0.4428  0.8449  0.8148	3.509414278960559  0.39238751807337197
 15	0.4493  0.8424  0.85	3.745080331045426  0.2897453417390669
 16	0.4571  0.8417  0.8852	3.9778032746809138  0.1897580128604584
 17	0.4704  0.8417  0.9188	4.198938230073249  0.10466317409985793
 18	0.4831  0.8417  0.9525	4.420462014571664  0.04061976635812404
 19	0.4969  0.8374  0.9851	4.641601314459238  0.006476377778648199
 20	0.5071  0.8267  1.0143	4.872090056646844  0.008901168223802592
 nonequalpath id:3
0	0.0363  0.1777  0.5282	0.0  0.024574144224032587
 1	0.0429  0.144  0.5067	0.43729303583619383  0.08313594290493831
 2	0.0603  0.1115  0.4857	0.8827632982730977  0.2872117632476236
 3	0.0857  0.0797  0.4705	1.3289034181553514  0.5463638668785153
 4	0.1143  0.05  0.4499	1.7813499227255702  0.6761754666061542
 5	0.1551  0.0231  0.4427	2.22353971556194  0.6943624540432499
 6	0.2116  0.0083  0.4429	2.653585782176162  0.6443394098725473
 7	0.2714  0.0031  0.4565	3.0529620529833092  0.5615508159384617
 8	0.3327  0.0019  0.4653	3.462963960225367  0.37535556727421493
 9	0.3945  0.0034  0.4701	3.8828014061844685  0.2044594737795815
 10	0.4498  0.0068  0.4429	4.3651498595059435  0.13713837795181502
 11	0.4641  0.0083  0.3826	4.8269309122415445  0.23543082580244507
 12	0.4571  0.0083  0.321	5.241691358041933  0.4272484961770767
 13	0.4428  0.0075  0.2607	5.6395362901767  0.5945529458200203
 14	0.4286  0.0  0.2018	6.0380942504506185  0.6564469023097073
 15	0.4286  -0.0203  0.1506	6.468848983755236  0.7213346817681408
 16	0.4429  -0.0484  0.1143	6.919225627763238  0.7451891355710204
 17	0.4714  -0.0759  0.0857	7.380353477780477  0.6108266221027627
 18	0.4875  -0.1071  0.0588	7.827917022540937  0.29156025714315636
 19	0.5015  -0.1394  0.035	8.27117857885199  0.06748264605172531
 20	0.5071  -0.1733  0.0143	8.707197944530622  0.008901168223802595
 nonequalpath id:4
0	0.0363  0.1777  0.5282	0.0  0.024574144224032587
 1	0.015  0.1955  0.5218	0.2545865660527092  0.02586956001016793
 2	-0.0027  0.215  0.5235	0.5201878411272292  0.07853416138431711
 3	-0.0214  0.2335  0.5314	0.791258455911654  0.16667761286576532
 4	-0.0387  0.252  0.5429	1.0670264994738474  0.26595274473740693
 5	-0.0551  0.27  0.5571	1.3434440008944737  0.3402885868324723
 6	-0.071  0.2882  0.5715	1.6205975498198881  0.360975164010226
 7	-0.0857  0.3067  0.5857	1.8957300504078303  0.324962603313729
 8	-0.1  0.325  0.6012	2.1720665664529575  0.25624140032134757
 9	-0.108  0.3417  0.6246	2.446543858477271  0.2234449455067034
 10	-0.1017  0.35  0.659	2.69566027374295  0.2872208007355285
 11	-0.0976  0.35  0.6966	2.9490948771673136  0.37419741386952854
 12	-0.0857  0.35  0.7325	3.1847782932149613  0.4374261972602001
 13	-0.079  0.35  0.7696	3.431320014782934  0.4582756707609312
 14	-0.0714  0.35  0.8067	3.6769702069126615  0.4166185290071508
 15	-0.0597  0.35  0.8426	3.9126539784648657  0.33365072996626116
 16	-0.0518  0.35  0.8795	4.1566829655552056  0.2303625095877061
 17	-0.0426  0.3499  0.9162	4.3984447145398455  0.1282263880709293
 18	-0.0286  0.3472  0.951	4.629854825357045  0.04971345243900295
 19	-0.0143  0.3417  0.9847	4.861734502396161  0.00844427158907921
 20	0.0  0.3308  1.0143	5.097835427606927  0.006896621382044439
 nonequalpath id:5
0	0.5071  0.1755  1.0	0.0  0.017111437272303957
 1	0.5368  0.15  0.9705	0.45312814191344564  0.07134805886209551
 2	0.5572  0.121  0.9428	0.8950090666151401  0.28541011545868483
 3	0.575  0.0917  0.9143	1.3346741960460777  0.5554776844943442
 4	0.5937  0.0623  0.8865	1.775381931008909  0.7280646632659664
 5	0.6001  0.0333  0.8525	2.20539714266413  0.7015786204716643
 6	0.5999  0.019  0.7972	2.6256751651691386  0.7023745298820958
 7	0.5857  0.0147  0.7389	3.013393289528859  0.6337007799386891
 8	0.5714  0.0103  0.6806	3.4012104230739895  0.4658116647223685
 9	0.5523  0.0053  0.6239	3.77822542057436  0.266827626961623
 10	0.5286  -0.0083  0.5734	4.150740049557679  0.13830172509596908
 11	0.4937  -0.0351  0.555	4.547439304842297  0.14366037967792267
 12	0.4652  -0.0659  0.5618	4.975370206410617  0.22837835073452245
 13	0.4381  -0.0945  0.585	5.420646960438149  0.31196750779803656
 14	0.4143  -0.1256  0.6002	5.854444123186991  0.2872806249751552
 15	0.4  -0.1591  0.613	6.283343863214655  0.23450899429167515
 16	0.4162  -0.1917  0.5963	6.7152993971996695  0.3300607084700928
 17	0.4429  -0.2198  0.5714	7.160584842195051  0.3804268840787085
 18	0.4703  -0.249  0.5514	7.601917480140754  0.282220065612487
 19	0.4922  -0.2791  0.5286	8.041878783579778  0.10763610470974792
 20	0.5071  -0.3109  0.5071	8.475138105782566  0.006537059034858485
 nonequalpath id:6
0	0.0363  0.1777  0.5282	0.0  0.024574144224032587
 1	0.0013  0.1833  0.5081	0.24651771543282128  0.0035769236395463964
 2	-0.0261  0.1833  0.4769	0.48341821493908343  0.016406554795206543
 3	-0.0433  0.1833  0.4392	0.7331523191797638  0.07909124175483827
 4	-0.0571  0.1833  0.4	0.9905761911287285  0.20744884930445032
 5	-0.063  0.1833  0.3589	1.2655370868604887  0.39178460816163396
 6	-0.0714  0.1834  0.3183	1.5342900417207492  0.5946638104748507
 7	-0.0857  0.1834  0.2793	1.790527965636683  0.7708439583367256
 8	-0.1  0.1833  0.2403	2.0467686778798106  0.8759223160276388
 9	-0.1098  0.1834  0.2	2.3124264887998054  0.878927918743614
 10	-0.118  0.1862  0.1596	2.5820815472494965  0.8173245900989939
 11	-0.1452  0.1889  0.1286	2.8195817858268373  0.8073322584049127
 12	-0.183  0.1833  0.1143	3.0767501557780195  0.831060530723131
 13	-0.222  0.1833  0.1	3.3327884998880535  0.8880243282369391
 14	-0.2609  0.1833  0.0857	3.5881807880630845  0.8659859098900459
 15	-0.2999  0.1833  0.0714	3.8442191321731194  0.7469717806126416
 16	-0.3389  0.1833  0.0572	4.100230257498354  0.5629060150484849
 17	-0.3779  0.1833  0.0429	4.356268601608389  0.3622831408476065
 18	-0.4175  0.1833  0.0306	4.616078757517057  0.1939607703006868
 19	-0.4571  0.1811  0.0189	4.877328050672976  0.07518030714220643
 20	-0.4929  0.1755  0.0	5.126516932755288  0.017111437272303957
 nonequalpath id:7
0	0.5071  0.6891  0.5071	0.0  0.006537059034858485
 1	0.5395  0.6833  0.5286	0.23595788625798464  0.03131968738823954
 2	0.5745  0.6794  0.5468	0.474825058372671  0.09093509457650881
 3	0.6126  0.6766  0.5582	0.7270992859081  0.186458667612266
 4	0.6504  0.6753  0.5714	0.9756024037691124  0.30214182045543314
 5	0.688  0.6751  0.5852	1.222464977217044  0.412812664583859
 6	0.7281  0.675  0.5858	1.4996414564161404  0.4504837507463584
 7	0.7655  0.675  0.6	1.7453359649502345  0.45433379379334077
 8	0.8029  0.675  0.6143	1.9910691670845688  0.4036014915188155
 9	0.8429  0.675  0.6175	2.2623950232569894  0.2938111312531254
 10	0.8813  0.675  0.6286	2.514506147051255  0.22451932190310894
 11	0.9094  0.675  0.6571	2.7423706916405672  0.24898229194392477
 12	0.9269  0.675  0.6932	2.982565503546711  0.32204052217417084
 13	0.9375  0.675  0.7318	3.236391634333064  0.3831599396642481
 14	0.9436  0.675  0.7714	3.500777427633648  0.39313407447024673
 15	0.9572  0.675  0.8091	3.7484170620870105  0.35355092687147616
 16	0.9714  0.675  0.8466	3.99494413833586  0.27360298240865755
 17	0.9857  0.675  0.884	4.240865982600608  0.17728615003709122
 18	0.9983  0.675  0.922	4.490335968097124  0.09187782046996318
 19	1.0071  0.675  0.9611	4.748571673869962  0.03558083200452409
 20	1.0143  0.6713  1.0	5.010648555560915  0.015375508909422898
 nonequalpath id:8
0	0.0363  0.1777  0.5282	0.0  0.024574144224032587
 1	0.0429  0.1451  0.5062	0.4265670646167061  0.08062630632476209
 2	0.06  0.1135  0.4857	0.8604183292351253  0.276425423249083
 3	0.0857  0.0827  0.4714	1.2951171566683617  0.5329948319989589
 4	0.1142  0.0528  0.4571	1.7307183361821772  0.7028847576764748
 5	0.1457  0.024  0.4428	2.1672574553109563  0.685626544883321
 6	0.1981  0.0065  0.4429	2.586844679745248  0.6473478359079543
 7	0.2574  -0.0  0.4454	3.0006954532579337  0.5510053299168479
 8	0.3166  -0.0016  0.4572	3.3931117571130898  0.4128011467267084
 9	0.375  -0.0037  0.4719	3.7782798883611024  0.24665824259522023
 10	0.4286  -0.0103  0.4973	4.1426762829426975  0.13376404856308682
 11	0.4603  -0.0341  0.5286	4.523815183008682  0.1281059806830476
 12	0.4571  -0.0651  0.5571	4.94802947875795  0.2200040798331274
 13	0.4343  -0.0941  0.5825	5.389396443863124  0.301571891695399
 14	0.4143  -0.1257  0.6	5.822860847128679  0.2869607833693658
 15	0.4  -0.1592  0.6123	6.250788036988854  0.23429946330715745
 16	0.4165  -0.1917  0.5958	6.681905198989089  0.3301779650298284
 17	0.4429  -0.22  0.5714	7.126062253483246  0.38009832796344933
 18	0.4702  -0.2491  0.5514	7.566078237586504  0.2816284481798743
 19	0.4921  -0.2792  0.5286	8.006039541025526  0.10732581571560584
 20	0.5071  -0.3109  0.5071	8.438496155917363  0.006537059034858485
 