nonequalpath id:0
0	0.6565  0.3344  0.0265	0.0  0.01715565362066561
 1	0.6321  0.3143  0.092	0.4290008349053713  0.1321499915484019
 2	0.6143  0.294  0.1596	0.8718738828325852  0.31875986631562386
 3	0.6  0.2757  0.2286	1.3260308203843714  0.4519187823696097
 4	0.5857  0.2587  0.2979	1.782358794093343  0.416365998471414
 5	0.5571  0.2428  0.3629	2.214100007367298  0.25463718841821137
 6	0.5146  0.2  0.4036	2.548503909209543  0.2242144690756688
 7	0.4714  0.1471  0.4286	2.875065111607229  0.32476441787603383
 8	0.4178  0.1  0.4429	3.2083921760064142  0.3773417916580552
 9	0.3714  0.0458  0.4571	3.542429061625946  0.3568709756623848
 10	0.3286  -0.0113  0.4714	3.8818170255258497  0.28083275644171773
 11	0.2893  -0.07  0.489	4.223982542010974  0.1976824434445171
 12	0.2857  -0.1309  0.5286	4.674308695634019  0.21820128989685175
 13	0.3283  -0.1714  0.5714	5.2559090926523595  0.3267880093403489
 14	0.3839  -0.2  0.6087	5.845249859632683  0.30541479616042727
 15	0.4286  -0.2284  0.6586	6.418498999979269  0.24949504285041463
 16	0.4146  -0.2429  0.7286	6.88052082712372  0.38209637954123354
 17	0.4  -0.2615  0.7974	7.333121932574567  0.39392165957879377
 18	0.3857  -0.2857  0.8645	7.776340138493504  0.25958505622673356
 19	0.3616  -0.3085  0.9293	8.200242753233756  0.08759875066434916
 20	0.3293  -0.3415  0.9855	8.580227990223115  0.01572158487324183
 nonequalpath id:1
0	0.6565  0.3344  0.0265	0.0  0.01715565362066561
 1	0.6771  0.3544  0.0023	0.17971959498212617  0.013198041850056914
 2	0.6983  0.3714  -0.0237	0.3662761297133976  0.02835763791405664
 3	0.7143  0.3857  -0.0546	0.5713382682864536  0.0683104231154383
 4	0.7254  0.4  -0.0875	0.7876150895119113  0.1375946339291123
 5	0.7297  0.4142  -0.122	1.0213844779230883  0.23956857036802715
 6	0.7428  0.4167  -0.1572	1.261711659775356  0.3246279822378592
 7	0.7459  0.4286  -0.1927	1.5016445809454553  0.4065760435386032
 8	0.7571  0.4343  -0.2281	1.736587919955394  0.43124065678697665
 9	0.7636  0.4429  -0.2641	1.9743212705278805  0.42063404315470904
 10	0.7714  0.4542  -0.2991	2.204578105138003  0.3657397609347103
 11	0.7824  0.4572  -0.3349	2.4459676411374476  0.27975670005639236
 12	0.7907  0.4545  -0.3714	2.7020270034477396  0.22621721291356006
 13	0.8  0.4279  -0.3963	2.996727519821657  0.27603528405473277
 14	0.8065  0.3955  -0.4142	3.2892026419256988  0.3519568586276733
 15	0.8143  0.3616  -0.4286	3.584035550856278  0.384471342911239
 16	0.8237  0.3282  -0.4428	3.8809399980216885  0.34926396682111843
 17	0.8297  0.2939  -0.4572	4.1720756708763584  0.25286579972784096
 18	0.8349  0.2596  -0.4714	4.459888784758936  0.13962739784526665
 19	0.8338  0.2244  -0.4845	4.731567405217584  0.049523013931050935
 20	0.8257  0.1886  -0.4929	4.977282518846556  0.003961554506731171
 nonequalpath id:2
0	0.3293  0.6585  0.9855	0.0  0.01572158487324183
 1	0.304  0.6379  1.0202	0.24194356795718008  0.03188203317789111
 2	0.2726  0.6066  1.0377	0.45332624742826483  0.10020705741205814
 3	0.242  0.5714  1.0475	0.671237821923446  0.20643010951176638
 4	0.2052  0.5428  1.0572	0.8916525813658616  0.3347354165782843
 5	0.1714  0.5124  1.0714	1.1046745203348318  0.4952763275915133
 6	0.1429  0.477  1.0857	1.319877287217666  0.6458811338394036
 7	0.1122  0.4429  1.0983	1.533873862777786  0.7794005784996616
 8	0.0741  0.4143  1.1	1.7695488926028553  0.7837304054811728
 9	0.0397  0.3846  1.1143	1.9832263138822948  0.8043228809301586
 10	0.0034  0.3572  1.1286	2.2004502338554226  0.7886521845756012
 11	-0.0286  0.3286  1.1492	2.4130410295379403  0.7654036443472063
 12	-0.0525  0.3095  1.1857	2.6620162016923343  0.8297068564362007
 13	-0.0572  0.2892  1.2286	2.957954729420983  0.7964486590283231
 14	-0.0714  0.2822  1.2735	3.2562223368629732  0.7617321070156154
 15	-0.0846  0.2714  1.318	3.548178573448034  0.6002902316680367
 16	-0.0892  0.2572  1.3632	3.8518316241595434  0.3709223378193331
 17	-0.1  0.2484  1.4088	4.152565361581415  0.1867660885501905
 18	-0.1143  0.2365  1.4526	4.439469960338916  0.07115128524950175
 19	-0.1404  0.2143  1.4857	4.675505553181261  0.022012360660364834
 20	-0.1743  0.1886  1.5071	4.892114093931394  0.003961554506731184
 